mypaper:
  #檔案路徑
  image_filename: "/home/a123/Documents/catkin_ws/src/mypaper/data/vlp/images/b.jpg"
  pcd_filename: "/home/a123/Documents/catkin_ws/src/mypaper/data/vlp/pcd/b20_lio.pcd"

  #棋盤格基本參數
  chessboard_pattern_size:
    width: 5
    height: 7
  board_dimensions:
    width: 590
    height: 840
  square_length: 95
  cb_translation_error:
    x: 0.0
    y: 0.0
  
  #相機參數
  camera_size: 
    width: 640
    height: 480
  cameramat: [608.081909, 0.0, 337.033203, 0.0, 606.640441, 248.104675, 0.0, 0.0, 1.0]
  distcoeff: [0.0, 0.0, 0.0, 0.0, 0.0]

  #棋盤格在icp的初始預測矩陣,切割閥值,算出的3D3D轉換矩陣
  counterclockwise:
    x_min: 3.35
    x_max: 3.68
    y_min: 0.65
    y_max: 1.7
    z_min: -0.55
    z_max: 0.4
    icp_init_rotmat: [0.0, 0.7071067, -0.7071067, 0.0, -0.7071067, -0.7071067, -1.0, 0.0, 0.0]
    icp_init_tranmat: [-1.0, 0.5, 3.8]
    icp_rotmat: [0.974,-0.038, 0.222,-0.007, 0.981, 0.195,-0.225,-0.191, 0.955]
    icp_tranmat: [0.012, 0.205,-0.338]
    r_2d: [0,1,2,3]
    r_3d: [0,1,2,3]
  clockwise:
    x_min: 3.45
    x_max: 3.9
    y_min: -1.0
    y_max: 0.0
    z_min: -0.53
    z_max: 0.42
    icp_init_rotmat: [0.0, -0.7071067, -0.7071067, 0.0, -0.7071067, 0.7071067, -1.0, 0.0, 0.0]
    icp_init_tranmat: [-0.5, -0.5, 4.0]
    icp_rotmat: [0.931, 0.233, 0.282,-0.157, 0.951,-0.267,-0.330, 0.204, 0.922]
    icp_tranmat: [0.018, 0.265,-0.277]
    r_2d: [2,3,0,1]
    r_3d: [0,1,2,3]
