mypaper:
  #檔案路徑
  image_filename: "/home/a123/Documents/catkin_ws/src/mypaper/data/vlp/images/a.jpg"
  pcd_filename: "/home/a123/Documents/catkin_ws/src/mypaper/data/vlp/pcd/a20.pcd"

  #棋盤格基本參數
  chessboard_pattern_size:
    width: 5
    height: 7
  board_dimensions:
    width: 590
    height: 840
  square_length: 95
  cb_translation_error:
    x: 0.0
    y: 0.0
  
  #相機參數
  camera_size: 
    width: 640
    height: 480
  cameramat: [608.081909, 0.0, 337.033203, 0.0, 606.640441, 248.104675, 0.0, 0.0, 1.0]
  distcoeff: [0.0, 0.0, 0.0, 0.0, 0.0]

  #棋盤格在icp的初始預測矩陣,切割閥值,算出的3D3D轉換矩陣
  counterclockwise:
    x_min: 3.475
    x_max: 3.595
    y_min: 0.68
    y_max: 1.675
    z_min: -0.635
    z_max: 0.35
    icp_init_rotmat: [0.0, 0.7071067, -0.7071067, 0.0, -0.7071067, -0.7071067, -1.0, 0.0, 0.0]
    icp_init_tranmat: [-1.0, 0.5, 3.8]
    icp_rotmat: [0.990, -0.043, 0.133, 0.042, 0.999, 0.012, -0.134, -0.007, 0.991]
    icp_tranmat: [0.003499, 0.219854, -0.264196]
    r_2d: [1,0,3,2]
    r_3d: [0,1,2,3]
  clockwise:
    x_min: 3.6
    x_max: 3.8
    y_min: -1.15
    y_max: 0.0
    z_min: -0.63
    z_max: 0.38
    icp_init_rotmat: [0.0, -0.7071067, -0.7071067, 0.0, -0.7071067, 0.7071067, -1.0, 0.0, 0.0]
    icp_init_tranmat: [-0.5, -0.5, 4.0]
    icp_rotmat: [0.979093,0.191908,0.067441,-0.183516,0.976373,-0.114091,-0.087742,0.099329,0.991179]
    icp_tranmat: [0.046043,0.243305,-0.286235]
    r_2d: [2,3,0,1]
    r_3d: [0,1,2,3]
