mypaper:
  #檔案路徑
  image_filename: "/home/a123/Documents/catkin_ws/src/mypaper/data/vlp/images/font_back_right1.jpg"
  pcd_filename: "/home/a123/Documents/catkin_ws/src/mypaper/data/vlp/pcd/font_back_right1.pcd"

  #棋盤格基本參數
  chessboard_pattern_size:
    width: 5
    height: 7
  board_dimensions:
    width: 590
    height: 840
  square_length: 95
  cb_translation_error:
    x: 0.0
    y: 0.0
  
  #相機參數
  camera_size: 
    width: 640
    height: 480
  cameramat: [579.276160, 0.000000, 342.744233, 0.000000, 578.292529, 253.467050, 0.000000, 0.000000, 1.000000]
  distcoeff: [0.098184, -0.200992, 0.002979, 0.001078, 0.000000]

  #棋盤格在icp的初始預測矩陣,切割閥值,算出的3D3D轉換矩陣
  counterclockwise:
    x_min: 4.42
    x_max: 4.55
    y_min: 1.298
    y_max: 2.27
    z_min: -0.583
    z_max: 0.423
    icp_init_rotmat: [0.0, 0.7071067, -0.7071067, 0.0, -0.7071067, -0.7071067, -1.0, 0.0, 0.0]
    icp_init_tranmat: [-1.5, 1.0, 4.5]
    icp_rotmat: [0.982424,-0.076154,0.170494,0.083022,0.995996,-0.033514,-0.167256,0.047079,0.984789]
    icp_tranmat: [0.148236,0.203687,-0.046252]
    r_2d: [1,0,3,2]
    r_3d: [0,1,2,3]
  clockwise:
    x_min: 3.3
    x_max: 3.55
    y_min: -0.872
    y_max: 0.09
    z_min: -0.55
    z_max: 0.42
    icp_init_rotmat: [0.0, -0.7071067, -0.7071067, 0.0, -0.7071067, 0.7071067, -1.0, 0.0, 0.0]
    icp_init_tranmat: [-0.5, -0.5, 4.0]
    icp_rotmat: [0.983538,0.180736,-0.003238,-0.180018,0.977689,-0.108360,-0.016419,0.107156,0.994107]
    icp_tranmat: [0.208996,0.300187,-0.497184]
    r_2d: [2,3,0,1]
    r_3d: [0,1,2,3]
