mypaper:
  #檔案路徑
  image_filename: "/home/a123/Documents/catkin_ws/src/mypaper/data/vlp/images/font_back_left1.jpg"
  pcd_filename: "/home/a123/Documents/catkin_ws/src/mypaper/data/vlp/pcd/font_back_left1.pcd"

  #棋盤格基本參數
  chessboard_pattern_size:
    width: 5
    height: 7
  board_dimensions:
    width: 590
    height: 840
  square_length: 95
  cb_translation_error:
    x: 0.0
    y: 0.0
  
  #相機參數
  camera_size: 
    width: 640
    height: 480
  cameramat: [579.276160, 0.000000, 342.744233, 0.000000, 578.292529, 253.467050, 0.000000, 0.000000, 1.000000]
  distcoeff: [0.098184, -0.200992, 0.002979, 0.001078, 0.000000]

  #棋盤格在icp的初始預測矩陣,切割閥值,算出的3D3D轉換矩陣
  counterclockwise:
    x_min: 3.25
    x_max: 3.4
    y_min: 0.845
    y_max: 1.815
    z_min: -0.615
    z_max: 0.358
    icp_init_rotmat: [0.0, 0.7071067, -0.7071067, 0.0, -0.7071067, -0.7071067, -1.0, 0.0, 0.0]
    icp_init_tranmat: [-1.0, 0.5, 3.8]
    icp_rotmat: [0.989180,-0.108957,0.098237,0.106131,0.993785,0.033562,-0.101283,-0.022773,0.994597]
    icp_tranmat: [-0.132022,0.329194,-0.477362]
    r_2d: [1,0,3,2]
    r_3d: [0,1,2,3]
  clockwise:
    x_min: 4.6
    x_max: 4.78
    y_min: -1.06
    y_max: -0.137
    z_min: -0.57056
    z_max: 0.397
    icp_init_rotmat: [0.0, -0.7071067, -0.7071067, 0.0, -0.7071067, 0.7071067, -1.0, 0.0, 0.0]
    icp_init_tranmat: [-0.5, -0.5, 4.0]
    icp_rotmat: [0.961856,0.254695,0.099691,-0.250297,0.966616,-0.054589,-0.110269,0.027555,0.993520]
    icp_tranmat: [0.099598,0.113096,0.691107]
    r_2d: [0,1,2,3]
    r_3d: [0,1,2,3]
